NSET 1
NMEM 1
TVAR 0
CPHI 16 
CETA 14 -2.40 -2.10 -1.85 -1.60 -1.20 -0.80 -0.40  0.00  0.40  0.80  1.20  1.60  1.85  2.10  2.40 
RMIN  6 
RTRK 13 
RETA  7  0.00  0.40  0.80  1.20  1.60  1.85  2.10  2.40 
0   0 T 0  0    0.0000000   0.0001498   0.0007395   0.0035321   0.0184358   0.0841703   0.2850181   0.6495274   1.0000000   1.0000000   1.0000000   1.0000000   1.0000000   1.0000000
0   0 T 0  1    0.0000000   0.0001122   0.0004262   0.0018506   0.0114758   0.0618186   0.2343243   0.6057414   1.0000000   1.0000000   1.0000000   1.0000000   1.0000000   1.0000000
0   0 T 0  2    0.0000000   0.0004922   0.0042323   0.0310400   0.1307175   0.3657940   0.6835615   0.9109318   1.0000000   1.0000000   1.0000000   1.0000000   1.0000000   1.0000000
0   0 T 0  3    0.0000000   0.0002001   0.0008257   0.0049857   0.0337590   0.1554321   0.4083442   0.6289760   0.7881838   0.9264217   0.9898875   0.9999483   1.0000000   1.0000000
0   0 T 0  4    0.0000000   0.0000476   0.0001395   0.0002487   0.0004269   0.0013291   0.0067568   0.0308935   0.1279618   0.4009141   0.7956393   0.9649297   1.0000000   1.0000000
0   0 T 0  5    0.0000000   0.0000534   0.0001337   0.0002814   0.0006725   0.0025922   0.0146406   0.0788600   0.2923439   0.6613333   0.9476467   0.9999962   1.0000000   1.0000000
0   0 T 0  6    0.0000000   0.0039026   0.0140946   0.0278685   0.0591549   0.1360789   0.3482145   0.7122503   0.9418365   0.9810086   0.9999953   1.0000000   1.0000000   1.0000000
0   0 T 1  0    0.0000000   0.0005477   0.0024248   0.0077315   0.0279767   0.1049277   0.3193952   0.6792214   1.0000000   1.0000000   1.0000000   1.0000000   1.0000000   1.0000000
0   0 T 1  1    0.0000000   0.0004381   0.0016550   0.0046772   0.0173094   0.0739606   0.2537741   0.6233244   1.0000000   1.0000000   1.0000000   1.0000000   1.0000000   1.0000000
0   0 T 1  2    0.0000000   0.0014906   0.0080701   0.0398311   0.1485622   0.3877406   0.6954874   0.9134100   1.0000000   1.0000000   1.0000000   1.0000000   1.0000000   1.0000000
0   0 T 1  3    0.0000000   0.0009054   0.0034604   0.0153079   0.0675223   0.2199909   0.4728953   0.6774898   0.8248763   0.9435519   0.9932863   0.9999721   1.0000000   1.0000000
0   0 T 1  4    0.0000000   0.0004572   0.0011218   0.0016340   0.0022431   0.0047094   0.0169898   0.0644935   0.2087916   0.5043551   0.8393484   0.9730982   1.0000000   1.0000000
0   0 T 1  5    0.0000000   0.0004759   0.0008889   0.0014058   0.0028546   0.0095207   0.0413511   0.1586876   0.4226764   0.7585877   0.9644069   0.9999923   1.0000000   1.0000000
0   0 T 1  6    0.0000000   0.0052648   0.0152490   0.0349610   0.0869582   0.1988392   0.4597202   0.7888709   0.9569128   0.9881856   0.9999986   1.0000000   1.0000000   1.0000000
0   0 R 0  0    0.0243733   0.0243733   0.0154651   0.0125101   0.0112557   0.0108156   0.0106890   0.0106002   0.0106002   0.0106002   0.0106002   0.0106002   0.0106002
0   0 R 0  1    0.0198087   0.0198087   0.0198087   0.0143382   0.0131991   0.0127111   0.0124196   0.0122426   0.0122426   0.0122426   0.0122426   0.0122426   0.0122426
0   0 R 0  2    0.0295450   0.0227116   0.0207513   0.0194376   0.0185400   0.0173536   0.0154516   0.0134991   0.0134991   0.0134991   0.0134991   0.0134991   0.0134991
0   0 R 0  3    0.0405926   0.0405926   0.0230317   0.0216895   0.0212807   0.0210634   0.0211333   0.0210137   0.0203127   0.0196243   0.0192297   0.0192297   0.0192297
0   0 R 0  4    0.0357594   0.0357594   0.0357594   0.0357594   0.0357594   0.0258157   0.0232944   0.0218317   0.0211057   0.0206306   0.0197545   0.0191617   0.0191617
0   0 R 0  5    0.0438513   0.0438513   0.0438513   0.0438513   0.0438513   0.0329361   0.0307226   0.0294336   0.0278088   0.0261720   0.0247493   0.0247493   0.0247493
0   0 R 0  6    0.0978286   0.0827826   0.0744660   0.0650720   0.0528461   0.0450189   0.0401737   0.0352695   0.0332589   0.0315841   0.0315841   0.0315841   0.0315841
0   0 R 1  0    0.0003468   0.0003468   0.0001808   0.0001233   0.0000966   0.0000863   0.0000777   0.0000703   0.0000703   0.0000703   0.0000703   0.0000703   0.0000703
0   0 R 1  1    0.0002123   0.0002123   0.0002123   0.0001066   0.0000890   0.0000785   0.0000682   0.0000625   0.0000625   0.0000625   0.0000625   0.0000625   0.0000625
0   0 R 1  2    0.0002214   0.0001595   0.0001413   0.0001120   0.0000970   0.0000851   0.0000694   0.0000570   0.0000570   0.0000570   0.0000570   0.0000570   0.0000570
0   0 R 1  3    0.0002664   0.0002664   0.0000850   0.0000934   0.0000860   0.0000802   0.0000803   0.0000897   0.0000906   0.0000861   0.0000783   0.0000783   0.0000783
0   0 R 1  4    0.0003632   0.0003632   0.0003632   0.0003632   0.0003632   0.0001764   0.0001505   0.0001344   0.0001217   0.0001107   0.0000959   0.0000912   0.0000912
0   0 R 1  5    0.0004610   0.0004610   0.0004610   0.0004610   0.0004610   0.0002923   0.0002486   0.0002253   0.0002004   0.0001706   0.0001496   0.0001496   0.0001496
0   0 R 1  6    0.0016951   0.0014044   0.0012223   0.0010085   0.0007222   0.0005318   0.0004166   0.0002925   0.0002392   0.0002040   0.0002040   0.0002040   0.0002040
0   0 R 2  0    0.0000000   0.0000000   0.0000000   0.0000000   0.0000245   0.0000269   0.0000261   0.0000256   0.0000256   0.0000256   0.0000256   0.0000256   0.0000256
0   0 R 2  1    0.0000000   0.0000000   0.0000000   0.0000312   0.0000327   0.0000292   0.0000276   0.0000277   0.0000277   0.0000277   0.0000277   0.0000277   0.0000277
0   0 R 2  2    0.0000000   0.0000000   0.0000000   0.0000396   0.0000395   0.0000348   0.0000322   0.0000206   0.0000206   0.0000206   0.0000206   0.0000206   0.0000206
0   0 R 2  3    0.0000000   0.0000000   0.0000000   0.0000165   0.0000293   0.0000244   0.0000189   0.0000171   0.0000246   0.0000206   0.0000000   0.0000000   0.0000000
0   0 R 2  4    0.0000000   0.0000000   0.0000000   0.0000000   0.0000000   0.0000000   0.0000217   0.0000320   0.0000348   0.0000287   0.0000220   0.0000000   0.0000000
0   0 R 2  5    0.0000000   0.0000000   0.0000000   0.0000000   0.0000000   0.0000000   0.0000627   0.0000620   0.0000601   0.0000597   0.0000430   0.0000430   0.0000430
0   0 R 2  6    0.0000000   0.0000000   0.0000000   0.0000000   0.0000313   0.0001142   0.0000979   0.0001085   0.0000939   0.0000000   0.0000000   0.0000000   0.0000000
0   0 R 3  0    0.8003238   0.8003238   0.9011703   0.9580304   0.9704059   0.9761189   0.9750858   0.9754148   0.9754148   0.9754148   0.9754148   0.9754148   0.9754148
0   0 R 3  1    0.8417566   0.8417566   0.8417566   0.9594796   0.9736046   0.9770833   0.9772876   0.9773951   0.9773951   0.9773951   0.9773951   0.9773951   0.9773951
0   0 R 3  2    0.7954042   0.9469261   0.9677971   0.9685437   0.9701858   0.9674810   0.9694226   0.9812403   0.9812403   0.9812403   0.9812403   0.9812403   0.9812403
0   0 R 3  3    0.6555432   0.6555432   0.9596105   0.9790382   0.9833315   0.9852209   0.9852020   0.9858874   0.9864991   0.9853419   0.9874230   0.9874230   0.9874230
0   0 R 3  4    0.8144341   0.8144341   0.8144341   0.8144341   0.8144341   0.9670451   0.9697062   0.9754369   0.9789804   0.9804274   0.9835369   0.9857558   0.9857558
0   0 R 3  5    0.8329831   0.8329831   0.8329831   0.8329831   0.8329831   0.9626206   0.9659418   0.9681016   0.9714643   0.9792838   0.9822949   0.9822949   0.9822949
0   0 R 3  6    0.9117758   0.9548305   0.9392799   0.9346247   0.9472078   0.9648114   0.9756516   0.9730625   0.9820189   0.9868302   0.9868302   0.9868302   0.9868302
0   0 R 4  0    1.2563769   1.2563769   1.6377168   1.9631758   2.1027707   2.1883505   2.1703999   2.1761746   2.1761746   2.1761746   2.1761746   2.1761746   2.1761746
0   0 R 4  1    1.4092773   1.4092773   1.4092773   1.9757607   2.1382686   2.1940434   2.2012878   2.2065289   2.2065289   2.2065289   2.2065289   2.2065289   2.2065289
0   0 R 4  2    1.2301996   1.8456317   2.0482007   2.0466785   2.0728596   2.0505300   2.0961191   2.3172342   2.3172342   2.3172342   2.3172342   2.3172342   2.3172342
0   0 R 4  3    0.9715241   0.9715241   1.9923032   2.2606281   2.3517175   2.4261074   2.4594077   2.4785822   2.4731287   2.4615999   2.4677515   2.4677515   2.4677515
0   0 R 4  4    1.2935434   1.2935434   1.2935434   1.2935434   1.2935434   1.9978196   2.0703244   2.1659578   2.2260267   2.2645567   2.3510556   2.3490379   2.3490379
0   0 R 4  5    1.3803949   1.3803949   1.3803949   1.3803949   1.3803949   1.9720038   2.0061796   2.0231084   2.0696905   2.2068876   2.2336132   2.2336132   2.2336132
0   0 R 4  6    1.5402378   1.9102559   1.7882364   1.7550847   1.8406206   1.9961325   2.1365756   2.0884092   2.2083178   2.2641957   2.2641957   2.2641957   2.2641957
0   0 R 5  0    3.2961499   3.2961499   3.5381010   4.1806144   4.7045605   4.6634745   4.8288193   4.7732766   4.7732766   4.7732766   4.7732766   4.7732766   4.7732766
0   0 R 5  1    3.2120406   3.2120406   3.2120406   4.1903215   4.7034399   4.9046236   4.8248232   4.7724491   4.7724491   4.7724491   4.7724491   4.7724491   4.7724491
0   0 R 5  2    3.0383347   3.6250450   4.8966517   5.6856485   5.7196027   5.4392226   4.6913483   3.5849598   3.5849598   3.5849598   3.5849598   3.5849598   3.5849598
0   0 R 5  3    3.3207643   3.3207643   2.4566652   3.4168382   3.5388200   2.9769993   2.4506206   2.4236581   2.6254746   2.3180691   1.7829672   1.7829672   1.7829672
0   0 R 5  4    2.9006657   2.9006657   2.9006657   2.9006657   2.9006657   3.6356477   4.2800074   4.6628796   4.7312906   4.6110792   3.7198045   3.8200997   3.8200997
0   0 R 5  5    2.7325462   2.7325462   2.7325462   2.7325462   2.7325462   4.1597812   5.8511636   6.6308992   6.4219859   5.5693458   5.3023078   5.3023078   5.3023078
0   0 R 5  6    3.2331449   2.8874728   3.7012421   4.4517094   4.7652622   5.4583728   5.5936602   6.4059057   5.4372440   4.9959429   4.9959429   4.9959429   4.9959429
0   0 F 0       0.9947084   0.9870054   0.9942442   0.9936066   0.9876129   0.9900487   0.9978550
0   0 F 1       1.0214005   0.9928840   1.0145813   1.0322125   1.0216133   1.0135420   1.0555257
0   0 C 0 0  0 -0.1654257 -0.1636788 -0.1058389 -0.1389147 -0.0859857 -0.1110767 -0.1563493 -0.1224815 -0.1342151 -0.1408274 -0.1026834 -0.1961653 -0.1824777 -0.1553323 -0.1332458 -0.0973784
0   0 C 0 0  1 -0.0897203 -0.1201688 -0.0750393 -0.0944612 -0.0806463 -0.0807963 -0.0999563 -0.0927142 -0.0725776 -0.0909152 -0.1017101 -0.0760957 -0.0961487 -0.1197027 -0.1359806 -0.0925009
0   0 C 0 0  2 -0.0026125 -0.0822503 -0.0859215 -0.0639811 -0.0463767 -0.0857843 -0.0561196 -0.0766733 -0.0575016 -0.0786413 -0.0912452 -0.0858947 -0.0815455 -0.0517422 -0.0791507 -0.0827189
0   0 C 0 0  3 -0.0791072 -0.0589088 -0.0727449 -0.0890706 -0.0617024 -0.0763031 -0.0855647 -0.0911988 -0.0690989 -0.0548867 -0.0793935 -0.0873406 -0.0796479 -0.0851992 -0.0636767 -0.0559580
0   0 C 0 0  4 -0.0439704 -0.0516623 -0.0276955 -0.0620004 -0.0474565 -0.0550102 -0.0322213 -0.0352601 -0.0414276 -0.0442725 -0.0370407 -0.0394631 -0.0296745 -0.0518062 -0.0325376 -0.0327982
0   0 C 0 0  5 -0.0206452 -0.0193921 -0.0210617 -0.0326069 -0.0476184 -0.0171990 -0.0288379 -0.0273440 -0.0394812 -0.0072790 -0.0245379 -0.0160959 -0.0060915 -0.0082453 -0.0314452 -0.0301611
0   0 C 0 0  6 -0.0102930 -0.0014070 -0.0230069 -0.0208142  0.0006699 -0.0074981 -0.0039937 -0.0222939 -0.0128330 -0.0193928 -0.0165343 -0.0115058 -0.0176800 -0.0274786 -0.0057297 -0.0171867
0   0 C 0 0  7 -0.0252599 -0.0007056 -0.0180616 -0.0235214 -0.0330376 -0.0104555 -0.0144488 -0.0379961 -0.0081197 -0.0047829 -0.0206089 -0.0089307  0.0066366 -0.0035548 -0.0112219 -0.0030607
0   0 C 0 0  8 -0.0095000 -0.0110434 -0.0316190 -0.0270978 -0.0344106 -0.0283278 -0.0317949 -0.0232788 -0.0196907 -0.0232439 -0.0191804 -0.0188581 -0.0290793 -0.0166688 -0.0319921 -0.0155972
0   0 C 0 0  9 -0.0525879 -0.0615412 -0.0358206 -0.0520563 -0.0354063 -0.0512620 -0.0594703 -0.0266622 -0.0421108 -0.0428408 -0.0476105 -0.0553150 -0.0615583 -0.0214869 -0.0431555 -0.0358919
0   0 C 0 0 10 -0.0575534 -0.0631794 -0.0634460 -0.0553720 -0.0665583 -0.0606438 -0.0500769 -0.0618510 -0.0818225 -0.0704077 -0.0427925 -0.0745159 -0.0731339 -0.0801603 -0.0619783 -0.0534714
0   0 C 0 0 11 -0.0700066 -0.0631517 -0.0651094 -0.0556899 -0.0841757 -0.0884233 -0.0836115 -0.0826994 -0.0790273 -0.0858855 -0.0350697 -0.0530933 -0.0582863 -0.0700420 -0.0809896 -0.0686213
0   0 C 0 0 12 -0.0749588 -0.0911338 -0.0851647 -0.1161048 -0.1028324 -0.0614091 -0.1127445 -0.1363165 -0.0986599 -0.1015955 -0.1202039 -0.0711166 -0.0848155 -0.1027407 -0.1143410 -0.1009478
0   0 C 0 0 13 -0.1593357 -0.1417883 -0.1506581 -0.1047260 -0.1855743 -0.1277632 -0.1408993 -0.1097305 -0.1218210 -0.1517040 -0.1252527 -0.1055813 -0.0907282 -0.1207487 -0.1446369 -0.1730280
0   0 C 0 1  0  0.0043516 -0.0007264  0.0064159 -0.0002314 -0.0060237  0.0011158 -0.0010229  0.0075197  0.0046814  0.0010937  0.0036439  0.0031010  0.0040810  0.0062001  0.0052231  0.0001375
0   0 C 0 1  1  0.0000027  0.0008492  0.0027282  0.0006154 -0.0012253 -0.0032727  0.0021243  0.0038935 -0.0001315  0.0012836  0.0000406  0.0029694  0.0011630  0.0036465  0.0051117 -0.0003957
0   0 C 0 1  2 -0.0004518 -0.0009869  0.0008070  0.0013143 -0.0021198 -0.0006027  0.0000176  0.0016499 -0.0004045 -0.0004764  0.0006508  0.0024249  0.0008204  0.0012048  0.0020513  0.0013698
0   0 C 0 1  3  0.0004659  0.0004285 -0.0001794  0.0006052  0.0000431 -0.0002544  0.0000356  0.0011411  0.0004734  0.0008131  0.0000359  0.0014774 -0.0000581  0.0003456 -0.0001284 -0.0003436
0   0 C 0 1  4  0.0010987 -0.0003001 -0.0006604 -0.0000262  0.0004651  0.0000120 -0.0004646  0.0006624 -0.0003941 -0.0013121  0.0002611  0.0007423  0.0002874  0.0000478 -0.0008156 -0.0005544
0   0 C 0 1  5 -0.0000902 -0.0008339 -0.0007959 -0.0000927  0.0001441  0.0007174 -0.0010715  0.0005207 -0.0004269 -0.0011053 -0.0003744 -0.0001253  0.0003631 -0.0003161 -0.0008430 -0.0004446
0   0 C 0 1  6 -0.0003814  0.0000617 -0.0003215 -0.0000475  0.0004004  0.0004068 -0.0007079 -0.0003970 -0.0006024  0.0005916  0.0000955  0.0005093 -0.0001747 -0.0011472 -0.0004400  0.0002722
0   0 C 0 1  7 -0.0004767  0.0000516 -0.0006961 -0.0000400 -0.0001762  0.0005140 -0.0007461  0.0002294  0.0001015 -0.0002126 -0.0006030  0.0001953  0.0001491 -0.0004474 -0.0001684  0.0003861
0   0 C 0 1  8 -0.0008078  0.0005178 -0.0006572  0.0002277  0.0003748  0.0007134 -0.0009119  0.0000751 -0.0000818 -0.0000358 -0.0004733  0.0004710 -0.0001159  0.0027250 -0.0002983  0.0005326
0   0 C 0 1  9 -0.0005905  0.0006956 -0.0003959 -0.0000274  0.0003009 -0.0003127 -0.0007652  0.0002007  0.0009477  0.0009876 -0.0013926  0.0006761  0.0004358  0.0012152  0.0002043  0.0006588
0   0 C 0 1 10  0.0006928  0.0016517  0.0000696  0.0000610 -0.0002812  0.0014076 -0.0008541  0.0016760  0.0010978  0.0020176  0.0011547  0.0011404  0.0007900 -0.0000393  0.0016549  0.0007802
0   0 C 0 1 11  0.0015008  0.0026443  0.0003316  0.0018605  0.0008328  0.0017300  0.0018954  0.0022688  0.0015925  0.0032123  0.0013914  0.0024557  0.0017463  0.0011863  0.0022977  0.0028858
0   0 C 0 1 12 -0.0023996  0.0005526  0.0016718  0.0025330  0.0014859  0.0009807 -0.0006031  0.0037571  0.0023030  0.0036420  0.0003226  0.0033158  0.0018076  0.0014392  0.0021654  0.0027322
0   0 C 0 1 13 -0.0039137  0.0035550  0.0063401  0.0043231 -0.0000836  0.0041956 -0.0041467  0.0031549  0.0045618  0.0016260 -0.0006469  0.0100141  0.0007393  0.0021663  0.0034775  0.0050798
0   0 C 1 0  0 -0.4115204 -0.4147426 -0.2964829 -0.3346326 -0.2509704 -0.3043422 -0.2503649 -0.2504681 -0.2120819 -0.2181515 -0.3722709 -0.4089994 -0.3623405 -0.3326127 -0.3353867 -0.4353842
0   0 C 1 0  1 -0.2925713 -0.3055095 -0.2760977 -0.2933233 -0.2823032 -0.2597590 -0.2343176 -0.1800438 -0.2677447 -0.2200306 -0.2892691 -0.2819293 -0.3049325 -0.3509841 -0.2960306 -0.2857876
0   0 C 1 0  2 -0.2628486 -0.2934445 -0.2237309 -0.2463335 -0.1948889 -0.1954525 -0.2037758 -0.1816948 -0.1914442 -0.1907229 -0.2456790 -0.2575152 -0.2860225 -0.2804179 -0.2854457 -0.2668938
0   0 C 1 0  3 -0.2468186 -0.2485601 -0.2366208 -0.1838366 -0.2035660 -0.1669188 -0.1659407 -0.1610066 -0.1300532 -0.1395542 -0.1782757 -0.2213469 -0.2185776 -0.2194327 -0.2283369 -0.2413378
0   0 C 1 0  4 -0.1307237 -0.1644156 -0.1281756 -0.1437693 -0.1218156 -0.1050896 -0.1353734 -0.1301375 -0.0959798 -0.1109474 -0.1254612 -0.1586378 -0.1360113 -0.1472166 -0.1603005 -0.1587909
0   0 C 1 0  5 -0.1373047 -0.1096724 -0.1077818 -0.1100849 -0.1158369 -0.0993567 -0.1105688 -0.1068305 -0.0808315 -0.0826133 -0.0863760 -0.1332332 -0.1091783 -0.1468596 -0.1060818 -0.1378862
0   0 C 1 0  6 -0.1037255 -0.0899788 -0.0944383 -0.1332152 -0.0764618 -0.1024449 -0.0980098 -0.0763917 -0.0774350 -0.0776856 -0.0809721 -0.0899307 -0.0892318 -0.1056252 -0.1188850 -0.1112558
0   0 C 1 0  7 -0.1123599 -0.1043124 -0.1050753 -0.0804208 -0.0795480 -0.0957387 -0.1182697 -0.0784228 -0.0963948 -0.1043507 -0.0933828 -0.0980418 -0.0935687 -0.1041770 -0.0856735 -0.0992627
0   0 C 1 0  8 -0.0891382 -0.1169553 -0.1240738 -0.1244255 -0.1169117 -0.1125035 -0.0922053 -0.1323276 -0.0654657 -0.0741067 -0.0886559 -0.0780126 -0.0927228 -0.0756931 -0.1249575 -0.1379148
0   0 C 1 0  9 -0.1592617 -0.1883786 -0.1228927 -0.1767523 -0.1537629 -0.1126692 -0.1373413 -0.1584545 -0.1435070 -0.1284438 -0.0907182 -0.0890741 -0.1501870 -0.1209612 -0.1242030 -0.1419564
0   0 C 1 0 10 -0.2169525 -0.2080257 -0.1996422 -0.2227077 -0.2083094 -0.2036145 -0.2380943 -0.1707116 -0.1752949 -0.1631216 -0.2072726 -0.1703885 -0.1831278 -0.1578265 -0.1792494 -0.1955592
0   0 C 1 0 11 -0.2464506 -0.2636918 -0.2560931 -0.2897623 -0.2432071 -0.2585190 -0.2058850 -0.1609105 -0.2364437 -0.2654286 -0.2494763 -0.2109844 -0.1900483 -0.2343215 -0.1905362 -0.2274458
0   0 C 1 0 12 -0.2933042 -0.2334901 -0.3599128 -0.2445507 -0.2552619 -0.1530526 -0.3029480 -0.2660473 -0.3067520 -0.3030221 -0.3188983 -0.2989674 -0.2968968 -0.2619787 -0.3021989 -0.3026148
0   0 C 1 0 13 -0.4063434 -0.3739665 -0.3187496 -0.3767627 -0.3019718 -0.3201691 -0.3458570 -0.3325121 -0.3645510 -0.2934315 -0.3082458 -0.2906803 -0.2787390 -0.3535566 -0.3329343 -0.3459082
0   0 C 1 1  0  0.0060565  0.0089400  0.0058072  0.0030839  0.0076397  0.0003370  0.0002500  0.0004881  0.0001887 -0.0013991  0.0019952  0.0014225  0.0045001  0.0017653  0.0033115  0.0058182
0   0 C 1 1  1  0.0011880  0.0017546  0.0035373  0.0012508  0.0025183  0.0009435  0.0015024  0.0006373  0.0046526  0.0019611  0.0017720  0.0012061  0.0027956  0.0014601  0.0001069  0.0030523
0   0 C 1 1  2  0.0014885  0.0020403  0.0015171  0.0014160  0.0017147  0.0014355  0.0007630  0.0016262  0.0011241  0.0013681  0.0024418  0.0011061  0.0007258 -0.0002858  0.0000351  0.0016140
0   0 C 1 1  3 -0.0000702  0.0016205  0.0010755  0.0015080  0.0007475  0.0006581 -0.0011601  0.0011923  0.0010604  0.0020787  0.0010819 -0.0003604  0.0022030  0.0008700 -0.0002848  0.0013836
0   0 C 1 1  4  0.0011748  0.0008850  0.0009068  0.0009610  0.0009415  0.0001636  0.0001915 -0.0004253  0.0007373  0.0003164 -0.0005663 -0.0003220  0.0013535  0.0022282  0.0004156  0.0009857
0   0 C 1 1  5  0.0013236  0.0024863  0.0019308  0.0011121  0.0011362  0.0001565 -0.0009259 -0.0006940 -0.0004140 -0.0017843 -0.0006716 -0.0004301  0.0015246  0.0020675  0.0016335  0.0011334
0   0 C 1 1  6  0.0020167  0.0023195  0.0014079  0.0008828  0.0003140 -0.0009930 -0.0015682 -0.0007503 -0.0010212 -0.0012892 -0.0008130 -0.0002114  0.0009175  0.0013511  0.0019274  0.0020518
0   0 C 1 1  7  0.0012805  0.0019002  0.0010957  0.0004483 -0.0003572 -0.0017721 -0.0019829 -0.0017396 -0.0013719 -0.0019251 -0.0011950 -0.0007653  0.0006098  0.0009081  0.0025445  0.0023096
0   0 C 1 1  8  0.0014130  0.0009911  0.0014264  0.0006279 -0.0006563 -0.0013783 -0.0013008 -0.0010163 -0.0008946 -0.0010335 -0.0013079 -0.0008629  0.0001149  0.0004692  0.0011502  0.0013119
0   0 C 1 1  9 -0.0002339  0.0014159  0.0012594  0.0009803 -0.0001127 -0.0013491 -0.0010781 -0.0002588 -0.0005914  0.0008413 -0.0007164 -0.0003442 -0.0004446 -0.0004735 -0.0004314 -0.0003954
0   0 C 1 1 10  0.0001006  0.0023358  0.0018999  0.0019707  0.0011275  0.0000670 -0.0001370  0.0000177 -0.0002765  0.0026332  0.0006706 -0.0003314  0.0001344 -0.0007165 -0.0003547 -0.0010285
0   0 C 1 1 11  0.0019222  0.0034212  0.0056956  0.0058557  0.0039987  0.0025058  0.0018107  0.0025268  0.0038521  0.0048236  0.0039162  0.0023137  0.0000285 -0.0000185  0.0002312  0.0015264
0   0 C 1 1 12  0.0008986  0.0040600  0.0069815  0.0075904  0.0045206  0.0042603  0.0027539  0.0040108  0.0020638  0.0035058  0.0022434  0.0041850  0.0012227  0.0012369 -0.0007611  0.0010451
0   0 C 1 1 13  0.0025789  0.0060514  0.0099853  0.0078632  0.0102052  0.0037477  0.0076456  0.0073845  0.0071523  0.0062678  0.0047354  0.0012293  0.0031395 -0.0000157  0.0017336  0.0037941
