NSET 1
NMEM 1
TVAR 0
CPHI 16 
CETA 14 -2.40 -2.10 -1.85 -1.60 -1.20 -0.80 -0.40  0.00  0.40  0.80  1.20  1.60  1.85  2.10  2.40 
RMIN  6 
RTRK 13 
RETA  7  0.00  0.40  0.80  1.20  1.60  1.85  2.10  2.40 
0   0 T 0  0    0.0000000   0.0000207   0.0002506   0.0022321   0.0145283   0.0712515   0.2602072   0.6217961   1.0000000   1.0000000   1.0000000   1.0000000   1.0000000   1.0000000
0   0 T 0  1    0.0000000   0.0000178   0.0001050   0.0009608   0.0086594   0.0530016   0.2123600   0.5777496   1.0000000   1.0000000   1.0000000   1.0000000   1.0000000   1.0000000
0   0 T 0  2    0.0000000   0.0003180   0.0039894   0.0304428   0.1289281   0.3575994   0.6701478   0.9040921   1.0000000   1.0000000   1.0000000   1.0000000   1.0000000   1.0000000
0   0 T 0  3    0.0000000   0.0000843   0.0004740   0.0039921   0.0312606   0.1538392   0.4059285   0.6199172   0.7778767   0.9243139   0.9896361   0.9999261   1.0000000   1.0000000
0   0 T 0  4    0.0000000   0.0000073   0.0000175   0.0000300   0.0000698   0.0002593   0.0023682   0.0179928   0.0991960   0.3654742   0.7871490   0.9652681   1.0000000   1.0000000
0   0 T 0  5    0.0000000   0.0000085   0.0000248   0.0000465   0.0001353   0.0009547   0.0091132   0.0617684   0.2684379   0.6422311   0.9482609   0.9999959   1.0000000   1.0000000
0   0 T 0  6    0.0000000   0.0027260   0.0159569   0.0303390   0.0586395   0.1255091   0.2947127   0.6948380   0.9416475   0.9817438   0.9999975   1.0000000   1.0000000   1.0000000
0   0 T 1  0    0.0000000   0.0000859   0.0006707   0.0038687   0.0200905   0.0879568   0.2875988   0.6508255   1.0000000   1.0000000   1.0000000   1.0000000   1.0000000   1.0000000
0   0 T 1  1    0.0000000   0.0000654   0.0004306   0.0025123   0.0135714   0.0660939   0.2363269   0.6069069   1.0000000   1.0000000   1.0000000   1.0000000   1.0000000   1.0000000
0   0 T 1  2    0.0000000   0.0007391   0.0061285   0.0363754   0.1433941   0.3818093   0.6907750   0.9115432   1.0000000   1.0000000   1.0000000   1.0000000   1.0000000   1.0000000
0   0 T 1  3    0.0000000   0.0001973   0.0011143   0.0072500   0.0437158   0.1789664   0.4333868   0.6433962   0.7976378   0.9349917   0.9926192   0.9999373   1.0000000   1.0000000
0   0 T 1  4    0.0000000   0.0000221   0.0000626   0.0001277   0.0002452   0.0006604   0.0041095   0.0271845   0.1286758   0.4100641   0.8120815   0.9694928   1.0000000   1.0000000
0   0 T 1  5    0.0000000   0.0000243   0.0000735   0.0001570   0.0003713   0.0018276   0.0128581   0.0766579   0.2940639   0.6645544   0.9516953   0.9999953   1.0000000   1.0000000
0   0 T 1  6    0.0000000   0.0024967   0.0156402   0.0306104   0.0614660   0.1349893   0.3272176   0.7135562   0.9451019   0.9828761   0.9999993   1.0000000   1.0000000   1.0000000
0   0 R 0  0    0.0141293   0.0141293   0.0141293   0.0119815   0.0109006   0.0104796   0.0104307   0.0103663   0.0103663   0.0103663   0.0103663   0.0103663   0.0103663
0   0 R 0  1    0.0152501   0.0152501   0.0152501   0.0135025   0.0127491   0.0123512   0.0121337   0.0119874   0.0119874   0.0119874   0.0119874   0.0119874   0.0119874
0   0 R 0  2    0.0209167   0.0209167   0.0197159   0.0187835   0.0180952   0.0169928   0.0151515   0.0132006   0.0132006   0.0132006   0.0132006   0.0132006   0.0132006
0   0 R 0  3    0.0223715   0.0223715   0.0223715   0.0210069   0.0208751   0.0206894   0.0208149   0.0207754   0.0201342   0.0194747   0.0192239   0.0192239   0.0192239
0   0 R 0  4    0.0223727   0.0223727   0.0223727   0.0223727   0.0223727   0.0223727   0.0216307   0.0211003   0.0207314   0.0205200   0.0196523   0.0188288   0.0188288
0   0 R 0  5    0.0322629   0.0322629   0.0322629   0.0322629   0.0322629   0.0322629   0.0298977   0.0288507   0.0271968   0.0256681   0.0243129   0.0243129   0.0243129
0   0 R 0  6    0.0919557   0.0766476   0.0687275   0.0605860   0.0508936   0.0440858   0.0399343   0.0345218   0.0326631   0.0307028   0.0307028   0.0307028   0.0307028
0   0 R 1  0    0.0001272   0.0001272   0.0001272   0.0001063   0.0000887   0.0000784   0.0000703   0.0000647   0.0000647   0.0000647   0.0000647   0.0000647   0.0000647
0   0 R 1  1    0.0000783   0.0000783   0.0000783   0.0000893   0.0000743   0.0000672   0.0000601   0.0000564   0.0000564   0.0000564   0.0000564   0.0000564   0.0000564
0   0 R 1  2    0.0001291   0.0001291   0.0001174   0.0000938   0.0000825   0.0000743   0.0000585   0.0000497   0.0000497   0.0000497   0.0000497   0.0000497   0.0000497
0   0 R 1  3    0.0000781   0.0000781   0.0000781   0.0000759   0.0000732   0.0000669   0.0000659   0.0000748   0.0000797   0.0000738   0.0000602   0.0000602   0.0000602
0   0 R 1  4    0.0001243   0.0001243   0.0001243   0.0001243   0.0001243   0.0001243   0.0001338   0.0001157   0.0001099   0.0001063   0.0000898   0.0000793   0.0000793
0   0 R 1  5    0.0002724   0.0002724   0.0002724   0.0002724   0.0002724   0.0002724   0.0002192   0.0002072   0.0001857   0.0001557   0.0001340   0.0001340   0.0001340
0   0 R 1  6    0.0016667   0.0012825   0.0011142   0.0009041   0.0006813   0.0005099   0.0004033   0.0002660   0.0002113   0.0001767   0.0001767   0.0001767   0.0001767
0   0 R 2  0    0.0000000   0.0000000   0.0000000   0.0000213   0.0000229   0.0000261   0.0000249   0.0000215   0.0000215   0.0000215   0.0000215   0.0000215   0.0000215
0   0 R 2  1    0.0000000   0.0000000   0.0000000   0.0000252   0.0000330   0.0000296   0.0000252   0.0000243   0.0000243   0.0000243   0.0000243   0.0000243   0.0000243
0   0 R 2  2    0.0000000   0.0000000   0.0000000   0.0000338   0.0000338   0.0000315   0.0000306   0.0000173   0.0000173   0.0000173   0.0000173   0.0000173   0.0000173
0   0 R 2  3    0.0000000   0.0000000   0.0000000   0.0000331   0.0000203   0.0000182   0.0000184   0.0000141   0.0000160   0.0000160   0.0000242   0.0000242   0.0000242
0   0 R 2  4    0.0000000   0.0000000   0.0000000   0.0000000   0.0000000   0.0000000   0.0000000   0.0000229   0.0000252   0.0000223   0.0000165   0.0000000   0.0000000
0   0 R 2  5    0.0000000   0.0000000   0.0000000   0.0000000   0.0000000   0.0000000   0.0000352   0.0000663   0.0000486   0.0000484   0.0000375   0.0000375   0.0000375
0   0 R 2  6    0.0000000   0.0000000   0.0000000   0.0000000   0.0000655   0.0001119   0.0001097   0.0000894   0.0000929   0.0000396   0.0000396   0.0000396   0.0000396
0   0 R 3  0    0.9492469   0.9492469   0.9492469   0.9623505   0.9753385   0.9774556   0.9765973   0.9760818   0.9760818   0.9760818   0.9760818   0.9760818   0.9760818
0   0 R 3  1    0.9423313   0.9423313   0.9423313   0.9715662   0.9767368   0.9790571   0.9788370   0.9781316   0.9781316   0.9781316   0.9781316   0.9781316   0.9781316
0   0 R 3  2    0.9742822   0.9742822   0.9756580   0.9728481   0.9736769   0.9690672   0.9704195   0.9781114   0.9781114   0.9781114   0.9781114   0.9781114   0.9781114
0   0 R 3  3    0.9453788   0.9453788   0.9453788   0.9830607   0.9849131   0.9848403   0.9834641   0.9854744   0.9854581   0.9840653   0.9765960   0.9765960   0.9765960
0   0 R 3  4    0.9796148   0.9796148   0.9796148   0.9796148   0.9796148   0.9796148   0.9894106   0.9839588   0.9825057   0.9819542   0.9859149   0.9900832   0.9900832
0   0 R 3  5    0.9674611   0.9674611   0.9674611   0.9674611   0.9674611   0.9674611   0.9694067   0.9708013   0.9741381   0.9822364   0.9868298   0.9868298   0.9868298
0   0 R 3  6    0.9610359   0.9858231   0.9739696   0.9704384   0.9678535   0.9708384   0.9797066   0.9738218   0.9835505   0.9883330   0.9883330   0.9883330   0.9883330
0   0 R 4  0    1.8386626   1.8386626   1.8386626   1.9858505   2.1559442   2.2128570   2.1995703   2.1901097   2.1901097   2.1901097   2.1901097   2.1901097   2.1901097
0   0 R 4  1    1.6910851   1.6910851   1.6910851   2.0379377   2.1792371   2.2369997   2.2346902   2.2238159   2.2238159   2.2238159   2.2238159   2.2238159   2.2238159
0   0 R 4  2    2.0744283   2.0744283   2.1387081   2.1136508   2.1415350   2.0841790   2.1260721   2.1021786   2.1021786   2.1021786   2.1021786   2.1021786   2.1021786
0   0 R 4  3    1.8978964   1.8978964   1.8978964   2.3143618   2.3985672   2.4284968   2.4386241   2.4904451   2.4558548   2.4435125   2.3237989   2.3237989   2.3237989
0   0 R 4  4    1.9674873   1.9674873   1.9674873   1.9674873   1.9674873   1.9674873   2.2989285   2.3036415   2.3041814   2.2999674   2.4215256   2.4441213   2.4441213
0   0 R 4  5    1.9866569   1.9866569   1.9866569   1.9866569   1.9866569   1.9866569   2.0230947   2.0560971   2.1128265   2.2708111   2.3337676   2.3337676   2.3337676
0   0 R 4  6    1.8068077   2.2383339   2.0748359   2.0624750   2.0390264   2.0618945   2.2175240   2.0941238   2.2266044   2.2234819   2.2234819   2.2234819   2.2234819
0   0 R 5  0    3.5486618   3.5486618   3.5486618   4.8007748   4.6413566   4.5040968   4.6297486   4.6443983   4.6443983   4.6443983   4.6443983   4.6443983   4.6443983
0   0 R 5  1    3.4851065   3.4851065   3.4851065   5.0010118   4.8075903   4.5429258   4.5174432   4.6214449   4.6214449   4.6214449   4.6214449   4.6214449   4.6214449
0   0 R 5  2    3.0742909   3.0742909   4.8637893   5.2020017   4.8868931   4.8485259   4.1785262   5.3863193   5.3863193   5.3863193   5.3863193   5.3863193   5.3863193
0   0 R 5  3    2.3906757   2.3906757   2.3906757   3.4445557   3.2435757   2.7698100   2.2222107   2.1613470   2.4299012   2.0182445   1.6490554   1.6490554   1.6490554
0   0 R 5  4    2.5293346   2.5293346   2.5293346   2.5293346   2.5293346   2.5293346   3.9220283   4.2608066   4.2947017   4.2436738   3.0907316   3.0059157   3.0059157
0   0 R 5  5    3.6497078   3.6497078   3.6497078   3.6497078   3.6497078   3.6497078   6.2114261   6.5061042   6.1245935   5.1424014   4.6452264   4.6452264   4.6452264
0   0 R 5  6    3.0988588   2.5338820   3.2715002   3.9034338   4.3993665   5.5649241   5.1389642   6.5815772   5.3981410   5.9444576   5.9444576   5.9444576   5.9444576
0   0 F 0       0.9882656   0.9948064   0.9959519   0.9949724   1.0020683   1.0088968   1.0107011
0   0 F 1       1.0148461   1.0075406   1.0308174   1.0357325   1.0166714   1.0341465   1.0458543
0   0 C 0 0  0 -0.1779418 -0.1879067 -0.1376590 -0.0890093 -0.1594281 -0.1484467 -0.1268336 -0.1883983 -0.1617251 -0.1187609 -0.1475902 -0.1428830 -0.1565317 -0.1770164 -0.1438430 -0.1226223
0   0 C 0 0  1 -0.1054214 -0.0816828 -0.1262898 -0.0961425 -0.1063823 -0.1224482 -0.1184891 -0.0635756 -0.0436334 -0.0783253 -0.0897845 -0.0772628 -0.0638494 -0.0990800 -0.0984009 -0.0979409
0   0 C 0 0  2 -0.0927473 -0.0843562 -0.1126402 -0.0932503 -0.0660920 -0.0867666 -0.0934423 -0.0723173 -0.0529556 -0.0639865 -0.0180264 -0.0924460 -0.1016615 -0.0747046 -0.0575055 -0.0873269
0   0 C 0 0  3 -0.0975731 -0.0901117 -0.0824974 -0.0910007 -0.0547466 -0.0479976 -0.0816467 -0.0922051 -0.0850979 -0.0624612 -0.0910171 -0.0318985 -0.0674566 -0.0786134 -0.0730432 -0.0998208
0   0 C 0 0  4 -0.0568826 -0.0430076 -0.0420817 -0.0316667 -0.0315383 -0.0411835 -0.0334493 -0.0411232 -0.0112586 -0.0154336 -0.0325428 -0.0220903 -0.0242034 -0.0230860 -0.0096136 -0.0508538
0   0 C 0 0  5 -0.0201326 -0.0461756 -0.0235098 -0.0093936 -0.0349471 -0.0037502 -0.0219278 -0.0143537  0.0076793 -0.0163235 -0.0280594 -0.0269162 -0.0199695 -0.0145008 -0.0065077 -0.0150936
0   0 C 0 0  6 -0.0223501 -0.0118713 -0.0136102 -0.0267121 -0.0119895 -0.0045564 -0.0314340  0.0021072  0.0132843  0.0113550 -0.0057207 -0.0204022 -0.0042452 -0.0080860 -0.0154606 -0.0230362
0   0 C 0 0  7 -0.0289925 -0.0141138 -0.0013856 -0.0067318 -0.0332413 -0.0189209  0.0216009 -0.0321794  0.0012911 -0.0031125 -0.0272008 -0.0151406 -0.0102562 -0.0197234 -0.0129027 -0.0139066
0   0 C 0 0  8 -0.0221888 -0.0087194 -0.0218930 -0.0138451 -0.0215600 -0.0247917 -0.0056124 -0.0198983 -0.0225358 -0.0021387 -0.0131430 -0.0285357 -0.0370777 -0.0485881 -0.0409419 -0.0061894
0   0 C 0 0  9 -0.0633953 -0.0370757 -0.0555677 -0.0627978 -0.0246674 -0.0392918 -0.0172236 -0.0523681 -0.0122499 -0.0225198 -0.0551738 -0.0209120 -0.0346089 -0.0326996 -0.0533593 -0.0220199
0   0 C 0 0 10 -0.0717618 -0.0912353 -0.0758169 -0.0666046 -0.0504792 -0.0487820 -0.0507273 -0.0665879 -0.0989951 -0.0664892 -0.0539852 -0.0918689 -0.0848846 -0.1215824 -0.1003375 -0.0979138
0   0 C 0 0 11 -0.0969166 -0.0283971 -0.0654052 -0.0813396 -0.1085921 -0.0493763 -0.0272960 -0.0349117 -0.0747995 -0.0799657 -0.0487137 -0.0742768 -0.0917274 -0.1075991 -0.0790694 -0.0657034
0   0 C 0 0 12 -0.0901080 -0.1247284 -0.0889466 -0.1335379 -0.1096002 -0.0855371 -0.0946922 -0.1219576 -0.0918309 -0.1326604 -0.0696864 -0.1070116 -0.1247014 -0.0689791 -0.1029904 -0.0913496
0   0 C 0 0 13 -0.1788719 -0.0907095 -0.1562428 -0.1152623 -0.1265013 -0.1547195 -0.1395266 -0.1374722 -0.0988556 -0.1747064 -0.1539387 -0.1149028 -0.2007738 -0.1758991 -0.1309386 -0.1524508
0   0 C 0 1  0  0.0021320  0.0003929  0.0049888 -0.0001547 -0.0063481  0.0004781 -0.0017984  0.0082832  0.0033217  0.0009008  0.0027460  0.0033793  0.0037328  0.0063809  0.0051178  0.0000686
0   0 C 0 1  1 -0.0012802  0.0004047  0.0034826  0.0003961 -0.0014927 -0.0044056  0.0014514  0.0038599  0.0003468  0.0012310  0.0008017  0.0032633  0.0010630  0.0025365  0.0045908  0.0001811
0   0 C 0 1  2 -0.0001127  0.0000138 -0.0002185  0.0002229 -0.0003807 -0.0006067  0.0008076  0.0015083 -0.0011395 -0.0003709  0.0004150  0.0016248  0.0004891 -0.0000791  0.0015949  0.0015444
0   0 C 0 1  3  0.0005496  0.0008298 -0.0013220 -0.0002427 -0.0003214 -0.0001367 -0.0005221  0.0016149  0.0000891  0.0009017  0.0003490  0.0005429  0.0003338  0.0002090  0.0002961 -0.0008920
0   0 C 0 1  4  0.0004959 -0.0002222 -0.0009594  0.0006846  0.0007128  0.0002191 -0.0003436  0.0002223 -0.0003712 -0.0016017  0.0005717  0.0002352  0.0009516 -0.0007974 -0.0007209 -0.0008737
0   0 C 0 1  5 -0.0005490 -0.0006487 -0.0003610  0.0001801  0.0002868  0.0002459 -0.0011866  0.0007402 -0.0005198 -0.0004613 -0.0004759 -0.0003335  0.0003316 -0.0003261  0.0002177  0.0001806
0   0 C 0 1  6 -0.0006938  0.0003484 -0.0001917 -0.0007950  0.0002526  0.0002992 -0.0007085  0.0002729 -0.0002715 -0.0001549 -0.0001871  0.0001273 -0.0001886 -0.0006945 -0.0004663  0.0003348
0   0 C 0 1  7 -0.0003326  0.0001277 -0.0005044  0.0001103 -0.0002199  0.0002886 -0.0008634 -0.0001246 -0.0007457 -0.0004894 -0.0002763 -0.0000310 -0.0005248  0.0001709 -0.0002837  0.0002654
0   0 C 0 1  8 -0.0006574  0.0002648 -0.0007992 -0.0001366 -0.0006775  0.0011452 -0.0004462  0.0000920 -0.0004548 -0.0001315 -0.0011455  0.0003996  0.0000541  0.0015790 -0.0002265  0.0005926
0   0 C 0 1  9 -0.0006240  0.0008434 -0.0009087  0.0001438 -0.0004605  0.0003404 -0.0012076  0.0003092  0.0000198  0.0010782 -0.0010628  0.0007155  0.0004750  0.0003632 -0.0000735  0.0008365
0   0 C 0 1 10  0.0000196  0.0008429  0.0003552  0.0009298  0.0000524  0.0008976 -0.0007808  0.0002932  0.0005074  0.0025398  0.0006953  0.0012646  0.0011837 -0.0002417  0.0013526  0.0000070
0   0 C 0 1 11  0.0009858  0.0025146  0.0016926  0.0011429 -0.0004537  0.0031325  0.0010581  0.0024936  0.0015416  0.0036064  0.0018808  0.0024932  0.0017420  0.0001465  0.0015155  0.0027643
0   0 C 0 1 12 -0.0034414 -0.0004820  0.0007603  0.0031274  0.0005045  0.0010299 -0.0009215  0.0030931  0.0027766  0.0031422  0.0013311  0.0054516  0.0028433  0.0021692  0.0030709  0.0030851
0   0 C 0 1 13 -0.0047578  0.0040297  0.0045931  0.0029842  0.0003196  0.0041437 -0.0065855  0.0032477  0.0060684  0.0017443 -0.0018589  0.0095221 -0.0000500  0.0035527  0.0039350  0.0051020
0   0 C 1 0  0 -0.3290474 -0.2634660 -0.3300484 -0.3452201 -0.3443633 -0.3270077 -0.3072310 -0.3289638 -0.3075755 -0.3175303 -0.2044120 -0.2837989 -0.3405379 -0.3664058 -0.3843452 -0.4081851
0   0 C 1 0  1 -0.2526213 -0.2869732 -0.2501342 -0.2597557 -0.2318612 -0.2447794 -0.2000398 -0.2171113 -0.2909783 -0.1594365 -0.2151156 -0.2460408 -0.3235328 -0.2961811 -0.3406064 -0.2848654
0   0 C 1 0  2 -0.3229911 -0.2860211 -0.1976150 -0.1919840 -0.2420272 -0.2165513 -0.2541654 -0.2048736 -0.2061300 -0.1798782 -0.1881045 -0.2649816 -0.2667755 -0.2688413 -0.2724720 -0.2996656
0   0 C 1 0  3 -0.2366266 -0.1938715 -0.2120578 -0.2055598 -0.1734249 -0.1874696 -0.1619772 -0.1239964 -0.1503173 -0.1738379 -0.1858391 -0.1859338 -0.2262665 -0.2330838 -0.2513009 -0.2198879
0   0 C 1 0  4 -0.1610715 -0.1263705 -0.1338038 -0.1279826 -0.1243368 -0.0844529 -0.1403652 -0.1165092 -0.1090317 -0.1058406 -0.1104236 -0.1116757 -0.1098809 -0.1622098 -0.1523367 -0.1835741
0   0 C 1 0  5 -0.1188325 -0.1240011 -0.1307290 -0.0995392 -0.1098839 -0.1200345 -0.1004546 -0.0667994 -0.1072345 -0.0644307 -0.0490367 -0.0985804 -0.1098046 -0.1001755 -0.1089341 -0.0763991
0   0 C 1 0  6 -0.0914141 -0.1057837 -0.0901006 -0.0754770 -0.0869052 -0.0826147 -0.0755539 -0.1143398 -0.0911354 -0.0850243 -0.0700864 -0.0968390 -0.0500575 -0.0691272 -0.0532387 -0.1083205
0   0 C 1 0  7 -0.1004905 -0.0937612 -0.1077567 -0.1021484 -0.1095315 -0.0680080 -0.0779533 -0.0999922 -0.0662824 -0.0630932 -0.1106106 -0.0589863 -0.0582960 -0.1016906 -0.0698040 -0.1192567
0   0 C 1 0  8 -0.1192045 -0.0961838 -0.1112066 -0.1092499 -0.1067678 -0.1150678 -0.1178589 -0.1352672 -0.1003361 -0.0783364 -0.1195311 -0.1417010 -0.1246141 -0.0855999 -0.0766955 -0.0924987
0   0 C 1 0  9 -0.1223614 -0.1522169 -0.1482075 -0.0985468 -0.1247946 -0.1438862 -0.1147292 -0.1352443 -0.1189185 -0.0813549 -0.1075573 -0.1366357 -0.1334603 -0.1106634 -0.1311623 -0.0899872
0   0 C 1 0 10 -0.2026883 -0.2556329 -0.2231612 -0.2112312 -0.2046661 -0.2003215 -0.1733795 -0.2218879 -0.1792154 -0.2130204 -0.2136212 -0.1853750 -0.2170214 -0.2020366 -0.2089015 -0.1880361
0   0 C 1 0 11 -0.2530867 -0.2298840 -0.2256702 -0.2548217 -0.2595335 -0.2166915 -0.2788033 -0.2355336 -0.2567358 -0.2112563 -0.2080535 -0.2592916 -0.2524710 -0.2259937 -0.2746271 -0.2392488
0   0 C 1 0 12 -0.2208934 -0.2729895 -0.2029536 -0.2769115 -0.2737342 -0.2616241 -0.2553055 -0.2575559 -0.2366628 -0.2858871 -0.2659767 -0.2632590 -0.2898727 -0.2954144 -0.2675426 -0.3510381
0   0 C 1 0 13 -0.3110660 -0.3185769 -0.3324365 -0.3495011 -0.2875973 -0.2647539 -0.3547403 -0.3022752 -0.4315813 -0.3498387 -0.2933836 -0.3463025 -0.2832904 -0.3672184 -0.3036730 -0.3774017
0   0 C 1 1  0  0.0030553  0.0084219  0.0070987  0.0057127  0.0047325  0.0050645  0.0002915  0.0069543 -0.0008700  0.0016523  0.0011392  0.0025425  0.0030151  0.0029953 -0.0003805  0.0070540
0   0 C 1 1  1  0.0021526  0.0041694  0.0022190  0.0039290  0.0018644  0.0030426  0.0028879  0.0033389  0.0030618  0.0013154  0.0022602 -0.0009679  0.0005428  0.0020149 -0.0003851  0.0037490
0   0 C 1 1  2  0.0015899  0.0020725  0.0017923  0.0006240  0.0003276  0.0016795  0.0008196  0.0021189  0.0014015  0.0028481  0.0019943 -0.0002460 -0.0011980  0.0004078  0.0004310  0.0011054
0   0 C 1 1  3 -0.0001012  0.0011515  0.0000760 -0.0009644 -0.0006081  0.0004896 -0.0003724  0.0016115  0.0019075  0.0014713 -0.0001935 -0.0017208 -0.0005376  0.0003026  0.0003093  0.0010273
0   0 C 1 1  4 -0.0006866 -0.0002204 -0.0002548  0.0006055  0.0010349  0.0010945  0.0005028  0.0014608  0.0005075  0.0002111 -0.0009818 -0.0012225 -0.0003384 -0.0004821  0.0009496  0.0001566
0   0 C 1 1  5  0.0004096  0.0009453  0.0007605  0.0003020  0.0008523  0.0000134  0.0004253  0.0005829  0.0000155 -0.0002400 -0.0003471 -0.0008046  0.0014088  0.0004366  0.0013222  0.0007162
0   0 C 1 1  6  0.0009170  0.0008825  0.0003242  0.0000621  0.0001073 -0.0005753  0.0002245  0.0004188  0.0002787 -0.0008217 -0.0002474 -0.0003161  0.0004906  0.0001016  0.0013232  0.0018179
0   0 C 1 1  7  0.0002185  0.0008652  0.0007400 -0.0001901 -0.0008683 -0.0005551 -0.0006585  0.0004541  0.0003177 -0.0001204 -0.0001492 -0.0011022  0.0003321  0.0002953  0.0014778  0.0014626
0   0 C 1 1  8 -0.0000056  0.0014249  0.0003399  0.0001964 -0.0006741 -0.0004219 -0.0001279  0.0015100  0.0004294 -0.0002713  0.0001204 -0.0012434 -0.0005097 -0.0002887  0.0002779  0.0002651
0   0 C 1 1  9 -0.0011528  0.0003114  0.0001115 -0.0003811  0.0000092 -0.0004253  0.0007201  0.0007004  0.0007035  0.0011778 -0.0001872 -0.0005428 -0.0007973 -0.0013560 -0.0016099 -0.0005812
0   0 C 1 1 10 -0.0004753  0.0015646  0.0016839  0.0019231  0.0007236  0.0000477 -0.0006495  0.0019054  0.0012412  0.0014653  0.0010514  0.0007470  0.0002954 -0.0008042 -0.0012542 -0.0010178
0   0 C 1 1 11  0.0015775  0.0042757  0.0046795  0.0027947  0.0012828  0.0035587  0.0007678  0.0023574  0.0035940  0.0050778  0.0038269  0.0018069  0.0026743  0.0015118  0.0001061  0.0026543
0   0 C 1 1 12  0.0017163  0.0073541  0.0050806  0.0050125  0.0030319  0.0044910 -0.0019008  0.0061451  0.0021478  0.0075210  0.0051594  0.0037836  0.0036339  0.0034028  0.0000356  0.0061170
0   0 C 1 1 13  0.0033437  0.0046528  0.0068418  0.0063988  0.0034521  0.0064883 -0.0000350  0.0104929  0.0068619  0.0125607  0.0071095  0.0047098  0.0047538  0.0030475  0.0022811  0.0075375
